
C:\Users\asatt\Documents\研究\お勉強\Programing\Go_diffusion_suppression2>go run difftools\sample\sample_check_submodu.go
--------------------
start_greedy
greedy_time: 1.5841615s
[1 32 18 93 15 43 48 73]
35.46600000000001
cost_sum: 4.664556962025317

start_strict
strict_time 6m48.5269812s
[1 2 15 18 32 47 67 82]
18.385999999999974
cost_sum: 4.7215189873417724
--------------------
start_greedy
greedy_time: 225.9308ms
[1 28 8 48 21 18 32 2]
20.131999999999913
cost_sum: 4.566666666666666

start_strict
strict_time 3m14.8846291s
[1 15 18 47 55 61 67 82]
38.816999999999986
cost_sum: 2.500000000044333e+11
--------------------
start_greedy
greedy_time: 40.672ms
[1 20 2 18 8 15 48 37 6]
12.918999999999906
cost_sum: 4.954545454545454

start_strict
strict_time 1m50.1100867s
[1 2 15 18 47 55 61 82]
15.105999999999979
cost_sum: 6.060606060649545e+11
--------------------
start_greedy
greedy_time: 1.1735153s
[1 23 93 33 48 37 47 61]
22.97099999999989
cost_sum: 4.525316455696203

start_strict
strict_time 20m5.3650126s
[1 2 15 18 32 49 61 67]
24.917999999999868
cost_sum: 4.734177215189874
--------------------
start_greedy
greedy_time: 1.198199s
[1 18 93 22 21 28 15 48]
31.333000000000002
cost_sum: 4.516666666666667

start_strict
strict_time 19m16.5551278s
[1 2 15 18 35 47 61 67]
36.48799999999998
cost_sum: 1.666666666711333e+11
--------------------
start_greedy
greedy_time: 104.5157ms
[1 15 48 18 37 6 2 8 20]
19.892999999999933
cost_sum: 4.954545454545455

start_strict
strict_time 7m25.3931012s
[1 15 18 47 55 61 67 82]
15.843999999999978
cost_sum: 7.575757575800757e+11
--------------------
start_greedy
greedy_time: 1.7582806s
[1 48 28 2 15 82 37 76]
30.621999999999993
cost_sum: 4.651898734177215

start_strict
strict_time 28m59.2274801s
[1 2 15 18 32 47 49 61]
24.82799999999987
cost_sum: 4.7215189873417724
--------------------
start_greedy
greedy_time: 1.0907022s
[1 2 15 28 18 32 48 37]
14.431999999999956
cost_sum: 4.541666666666666

start_strict
strict_time 32m48.7433765s
[1 2 15 18 32 49 61 67]
22.109999999999864
cost_sum: 4.5
--------------------
start_greedy
greedy_time: 118.7089ms
[1 18 15 37 48 2 20 6 8]
18.462999999999983
cost_sum: 4.954545454545454

start_strict
strict_time 15m36.9966888s
[1 2 15 18 20 47 67 82]
11.305999999999917
cost_sum: 4.5454545454981824e+11
--------------------
start_greedy
greedy_time: 1.9661305s
[1 15 18 49 61 96 48 20]
15.275999999999982
cost_sum: 4.607594936708861

start_strict
strict_time 39m3.9816816s
[1 15 18 32 49 61 67 82]
38.161999999999935
cost_sum: 4.639240506329115
--------------------
start_greedy
greedy_time: 517.2899ms
[1 18 28 48 21 15 76 37]
24.87199999999988
cost_sum: 4.516666666666666

start_strict
strict_time 23m18.6329669s
[1 2 15 18 32 61 67 82]
21.519999999999897
cost_sum: 8.3333333337825e+10
--------------------
start_greedy
greedy_time: 133.2508ms
[1 18 15 48 37 20 2 8 6]
11.069999999999913
cost_sum: 4.954545454545454

start_strict
strict_time 15m31.5620658s
[1 2 15 18 55 61 67 82]
15.297999999999979
cost_sum: 6.060606060649545e+11
--------------------
start_greedy
greedy_time: 1.7178751s
[1 67 49 15 93 23 2 61]
38.773999999999965
cost_sum: 4.6265822784810124

start_strict
strict_time 49m13.2970559s
[1 15 18 32 49 61 67 82]
53.94699999999977
cost_sum: 4.639240506329115
--------------------
start_greedy
greedy_time: 210.4448ms
[1 18 22 48 28 93 33 76 61]
46.22499999999987
cost_sum: 5

start_strict
strict_time 10m51.1874736s
[2 15 18 32 47 49 61 67 82]
20.50299999999992
cost_sum: 1.6666666667129166e+11
--------------------
start_greedy
greedy_time: 51.807ms
[1 15 18 48 2 37 20 6 8]
17.262
cost_sum: 4.954545454545454

start_strict
strict_time 7m16.5801266s
[1 15 20 35 47 49 55 67 82]
13.17499999999993
cost_sum: 9.09090909095712e+11
--------------------
start_greedy
greedy_time: 598.0575ms
[1 18 32 15 67 73 76 37]
39.22099999999996
cost_sum: 4.639240506329115

start_strict
strict_time 27m43.4470957s
[1 2 15 18 32 61 67 82]
36.98099999999997
cost_sum: 4.734177215189874
--------------------
start_greedy
greedy_time: 176.8108ms
[1 48 15 8 61 28 18 32]
19.736999999999952
cost_sum: 4.533333333333333

start_strict
strict_time 20m33.1920361s
[1 15 18 47 55 61 67 82]
40.72499999999989
cost_sum: 2.500000000044333e+11
--------------------
start_greedy
greedy_time: 36.2427ms
[1 18 48 15 6 37 2 20 8]
19.891999999999907
cost_sum: 4.954545454545454

start_strict
strict_time 9m5.6048793s
[1 15 18 47 55 61 67 82]
21.973999999999894
cost_sum: 7.575757575800757e+11
--------------------
start_greedy
greedy_time: 1.4900469s
[1 43 18 61 23 47 48 33]
17.742999999999963
cost_sum: 4.607594936708861

start_strict
strict_time 27m5.0247467s
[1 2 15 18 32 61 67 82]
39.28399999999992
cost_sum: 4.734177215189874
--------------------
start_greedy
greedy_time: 254.2835ms
[1 48 18 93 61 15 28 33]
37.26100000000002
cost_sum: 4.5

start_strict
strict_time 20m3.3009481s
[1 15 20 35 47 49 55 67 82]
20.131999999999923
cost_sum: 3.3333333333825e+11
--------------------
start_greedy
0.7575757575757576
0.5303030303030303
0.5303030303030303
0.5151515151515151
0.5151515151515151
0.5303030303030303
0.5303030303030303
0.5151515151515151
0.5303030303030303
greedy_time: 48.3611ms
[1 18 15 48 37 2 8 20 6]
19.75199999999997
cost_sum: 4.954545454545454
--------------------
start_strict
strict_time 13m25.9040879s
[1 15 20 35 47 49 55 67 82]
11.174999999999901
cost_sum: 9.09090909095712e+11
--------------------
start_greedy
0.8987341772151899
0.5949367088607596
0.5126582278481012
0.5189873417721519
0.5189873417721519
0.5189873417721519
0.5443037974683544
0.5126582278481012
greedy_time: 702.5646ms
[1 18 73 67 61 93 15 22]
40.70299999999984
cost_sum: 4.620253164556963
--------------------
start_strict
strict_time 42m29.3156196s
[1 2 15 18 32 61 67 82]
41.404999999999916
cost_sum: 4.734177215189874
--------------------
start_greedy
0.875
0.525
0.525
0.5333333333333333
0.5083333333333333
0.5083333333333333
0.5083333333333333
0.525
greedy_time: 272.0163ms
[1 18 21 28 93 76 22 48]
22.669999999999888
cost_sum: 4.508333333333333
--------------------
start_strict
strict_time 21m30.9726487s
[1 2 15 18 32 49 61 67]
22.00099999999989
cost_sum: 4.5
--------------------
start_greedy
0.7575757575757576
0.5303030303030303
0.5303030303030303
0.5303030303030303
0.5151515151515151
0.5151515151515151
0.5151515151515151
0.5303030303030303
0.5303030303030303
greedy_time: 37.9616ms
[1 18 15 2 37 48 20 8 6]
16.473999999999993
cost_sum: 4.954545454545454
--------------------
start_strict
strict_time 13m27.16899s
[1 2 15 18 47 55 67 82]
14.977999999999962
cost_sum: 6.060606060649545e+11
--------------------
start_greedy
0.8987341772151899
0.5949367088607596
0.5506329113924051
0.5443037974683544
0.5316455696202531
0.5063291139240507
0.5126582278481012
0.5063291139240507
greedy_time: 499.4355ms
[1 18 32 15 48 37 43 35]
29.811999999999934
cost_sum: 4.645569620253165
--------------------
start_strict
strict_time 32m17.3730056s
[2 15 18 20 32 47 61 67 82]
34.234000000000016
cost_sum: 4.848101265822785
--------------------
start_greedy
0.875
0.5083333333333333
0.5083333333333333
0.5083333333333333
0.5083333333333333
0.5083333333333333
0.5333333333333333
0.5083333333333333
0.5166666666666667
greedy_time: 171.6283ms
[1 76 33 37 22 67 2 61 15]
30.366999999999994
cost_sum: 4.975
--------------------
start_strict
strict_time 24m53.2512509s
[1 2 15 18 47 61 67 82]
27.042999999999903
cost_sum: 1.666666666711333e+11
--------------------
start_greedy
0.7575757575757576
0.5303030303030303
0.5303030303030303
0.5151515151515151
0.5151515151515151
0.5303030303030303
0.5151515151515151
0.5303030303030303
0.5303030303030303
greedy_time: 44.9614ms
[1 18 2 20 48 15 37 6 8]
12.353999999999912
cost_sum: 4.954545454545454
--------------------
start_strict
strict_time 18m10.6553519s
[1 2 15 18 47 61 67 82]
16.006000000000004
cost_sum: 6.060606060649545e+11
--------------------
start_greedy
0.5443037974683544
0.5506329113924051
0.5253164556962026
0.5063291139240507
0.6012658227848101
0.5189873417721519
0.5253164556962026
0.5316455696202531
0.5126582278481012
greedy_time: 610.2324ms
[15 8 33 96 2 61 80 48 22]
25.88699999999988
cost_sum: 4.816455696202532
--------------------
start_strict
strict_time 41m43.1918497s
[1 2 15 18 32 49 61 67]
32.576000000000036
cost_sum: 4.734177215189874
--------------------
start_greedy
0.875
0.5083333333333333
0.525
0.5083333333333333
0.5083333333333333
0.525
0.5083333333333333
0.5083333333333333
0.5166666666666667
greedy_time: 264.5773ms
[1 76 18 22 61 48 33 37 6]
38.368999999999936
cost_sum: 4.983333333333333
--------------------
start_strict
strict_time 34m21.5087263s
[1 2 15 18 47 49 61 67]
25.201999999999874
cost_sum: 8.333333333780832e+10
--------------------
start_greedy
0.7575757575757576
0.5303030303030303
0.5303030303030303
0.5151515151515151
0.5151515151515151
0.5303030303030303
0.5151515151515151
0.5303030303030303
0.5303030303030303
greedy_time: 31.7139ms
[1 15 18 37 20 2 48 8 6]
17.747999999999976
cost_sum: 4.954545454545454
--------------------
start_strict
strict_time 12m11.2099213s
[2 6 15 18 20 47 55 67 82]
14.98299999999997
cost_sum: 6.060606060652424e+11

C:\Users\asatt\Documents\研究\お勉強\Programing\Go_diffusion_suppression2>
