seed 0
len adj 1290
[460 37 1142 59 1159 860 591] [80 67 55 46 36 31 26]
5
--------------------
start_DP
DP_time: 33.441844678s
虚偽情報アリの解 [173 178 183 188 573] 9.217999999999954 13.761999999999945
虚偽情報アリの解を無しに使ってみたら... 9.40399999999995 0
cost_sum: 10
DP_time: 53.871914256s
虚偽情報なしの解 [13 33 90 282 549] 9.363999999999955 0
cost_sum: 10
虚偽情報なしの解をアリに使ってみたら... 8.41399999999997 13.46699999999994
10
--------------------
start_DP
DP_time: 1m3.509858925s
虚偽情報アリの解 [13 26 28 40 44 103 112 334 808 1049] 17.29799999999998 13.608999999999932
虚偽情報アリの解を無しに使ってみたら... 17.867999999999974 0
cost_sum: 20
DP_time: 1m40.361695782s
虚偽情報なしの解 [13 33 90 161 178 210 282 438 469 748] 18.05899999999997 0
cost_sum: 20
虚偽情報なしの解をアリに使ってみたら... 17.132999999999964 13.44199999999994
15
--------------------
start_DP
DP_time: 1m40.042510863s
虚偽情報アリの解 [13 26 28 40 44 103 112 119 133 178 183 188 241 329 766] 25.858999999999916 13.52599999999994
虚偽情報アリの解を無しに使ってみたら... 26.464999999999936 0
cost_sum: 29
DP_time: 2m39.867216841s
虚偽情報なしの解 [13 33 90 161 178 210 282 438 469 620 675 728 748 803 807] 26.694999999999887 0
cost_sum: 29
虚偽情報なしの解をアリに使ってみたら... 25.391999999999907 13.346999999999943
20
--------------------
start_DP
DP_time: 2m23.469732139s
虚偽情報アリの解 [13 26 28 40 44 103 112 119 133 178 183 188 241 282 291 323 731 808 810 976] 34.50599999999997 13.666999999999948
虚偽情報アリの解を無しに使ってみたら... 35.164 0
cost_sum: 38
DP_time: 3m52.253216392s
虚偽情報なしの解 [13 33 40 44 46 48 133 161 169 170 173 175 177 178 183 192 197 205 230 485] 33.50299999999997 0
cost_sum: 37
虚偽情報なしの解をアリに使ってみたら... 31.948999999999995 13.284999999999924
25
--------------------
start_DP
DP_time: 3m14.217667511s
虚偽情報アリの解 [13 26 28 40 44 103 112 119 133 178 183 188 241 282 291 323 731 808 810 889 937 1049 1118 1148 1238] 42.65899999999987 13.65199999999995
虚偽情報アリの解を無しに使ってみたら... 43.281999999999826 0
cost_sum: 47
DP_time: 5m17.718450187s
虚偽情報なしの解 [13 33 40 44 46 48 133 161 169 170 173 175 177 178 183 192 197 205 230 485 862 1086 1223 1243 1277] 42.07399999999989 0
cost_sum: 46
虚偽情報なしの解をアリに使ってみたら... 40.052999999999905 13.433999999999932
30
--------------------
start_DP
DP_time: 4m9.467561783s
虚偽情報アリの解 [13 26 28 40 44 103 112 119 133 178 183 188 241 282 291 323 731 808 810 889 937 1049 1118 1148 1208 1209 1210 1211 1225 1231] 50.79999999999985 13.307999999999932
虚偽情報アリの解を無しに使ってみたら... 51.35599999999975 0
cost_sum: 57
DP_time: 6m53.960483246s
虚偽情報なしの解 [13 33 40 44 46 48 133 161 169 170 173 175 177 178 183 192 197 205 218 219 260 282 289 291 305 323 366 688 959] 49.423999999999864 0
cost_sum: 54
虚偽情報なしの解をアリに使ってみたら... 46.74799999999982 13.114999999999945
35
--------------------
start_DP
DP_time: 5m11.32388584s
虚偽情報アリの解 [13 26 28 40 44 103 112 119 133 178 183 188 241 282 291 323 731 808 810 889 937 1049 1118 1148 1208 1209 1210 1211 1225 1231 1275 1278 1279 1284] 57.084999999999894 13.412999999999943
虚偽情報アリの解を無しに使ってみたら... 58.16599999999987 0
cost_sum: 64
DP_time: 8m43.068048209s
虚偽情報なしの解 [13 33 40 44 46 48 133 161 169 170 173 175 177 178 183 192 197 205 218 219 260 282 289 291 305 323 366 688 734 795 833 857 1018 1087] 56.88299999999994 0
cost_sum: 63
虚偽情報なしの解をアリに使ってみたら... 53.86499999999983 13.202999999999935
40
--------------------
start_DP
DP_time: 6m19.770375631s
虚偽情報アリの解 [13 26 28 40 44 103 112 119 133 178 183 188 192 195 215 241 250 256 291 329 330 334 469 540 573 593 635 637 644 647 675 693 719 736 761 910 913 917 918 974] 64.02999999999996 13.335999999999961
虚偽情報アリの解を無しに使ってみたら... 64.47400000000009 0
cost_sum: 71
DP_time: 10m44.973518086s
虚偽情報なしの解 [13 33 40 44 46 48 133 161 169 170 173 175 177 178 183 192 197 205 218 219 260 282 289 291 295 298 300 307 324 349 438 598 620 627 699 734 795 808 853] 65.88600000000001 0
cost_sum: 73
虚偽情報なしの解をアリに使ってみたら... 63.357000000000056 13.153999999999941
45
--------------------
start_DP
DP_time: 7m34.334007732s
虚偽情報アリの解 [13 26 28 40 44 103 112 119 133 178 183 188 192 195 215 241 250 256 257 261 268 271 282 299 301 302 305 325 329 378 381 390 399 449 467 469 501 557 573 653 799 803 812 846 1252] 71.72499999999997 13.23699999999996
虚偽情報アリの解を無しに使ってみたら... 72.829 0
cost_sum: 78
DP_time: 12m59.792785246s
虚偽情報なしの解 [13 33 40 44 46 48 133 161 169 170 173 175 177 178 183 192 197 205 218 219 260 282 289 291 295 298 300 307 324 349 438 598 620 627 699 734 795 808 812 814 815 816 852 1126] 74.12099999999995 0
cost_sum: 80
虚偽情報なしの解をアリに使ってみたら... 70.88199999999993 12.816999999999931


seed 1
len adj 1290
5
--------------------
start_DP
DP_time: 37.705460824s
虚偽情報アリの解 [20 39 217 331 517] 9.010999999999958 17.60599999999995
虚偽情報アリの解を無しに使ってみたら... 9.336999999999957 0
cost_sum: 10
DP_time: 58.243660705s
虚偽情報なしの解 [39 130 173 262 549] 9.088999999999974 0
cost_sum: 9
虚偽情報なしの解をアリに使ってみたら... 8.16299999999997 18.09299999999996
10
--------------------
start_DP
DP_time: 1m11.80146887s
虚偽情報アリの解 [20 24 39 48 75 83 183 207 239 307] 17.948999999999973 17.920999999999953
虚偽情報アリの解を無しに使ってみたら... 17.873999999999963 0
cost_sum: 20
DP_time: 1m48.642352302s
虚偽情報なしの解 [20 25 39 75 99 109 217 382 399 1283] 17.95899999999995 0
cost_sum: 20
虚偽情報なしの解をアリに使ってみたら... 17.487999999999982 17.731999999999992
15
--------------------
start_DP
DP_time: 1m52.514585432s
虚偽情報アリの解 [20 24 39 48 75 83 130 181 183 217 239 256 336 391 1109] 26.520999999999884 17.989999999999927
虚偽情報アリの解を無しに使ってみたら... 26.882999999999896 0
cost_sum: 28
DP_time: 2m52.244049654s
虚偽情報なしの解 [20 25 39 75 99 109 217 382 399 407 408 512 532 619 657] 26.90199999999992 0
cost_sum: 30
虚偽情報なしの解をアリに使ってみたら... 25.55899999999986 17.705999999999946
20
--------------------
start_DP
DP_time: 2m40.478631223s
虚偽情報アリの解 [20 24 39 48 75 83 130 181 183 217 239 256 336 391 803 1007 1053 1109 1184 1215] 35.275999999999954 17.918999999999972
虚偽情報アリの解を無しに使ってみたら... 36.02600000000003 0
cost_sum: 38
DP_time: 4m9.521265193s
虚偽情報なしの解 [20 25 39 75 99 109 217 382 399 407 408 512 532 619 657 659 713 729 752 891] 35.425999999999966 0
cost_sum: 40
虚偽情報なしの解をアリに使ってみたら... 32.773 17.50499999999997
25
--------------------
start_DP
DP_time: 3m35.004597571s
虚偽情報アリの解 [20 24 39 48 75 83 130 181 183 217 239 256 336 391 803 1007 1053 1109 1184 1215 1250 1253 1254 1259 1275] 42.423999999999836 17.75699999999995
虚偽情報アリの解を無しに使ってみたら... 43.98099999999985 0
cost_sum: 47
DP_time: 5m39.453675461s
虚偽情報なしの解 [20 24 25 39 40 46 48 63 83 99 130 131 133 163 164 170 218 239 264 382 391 549 596 776 803] 43.13799999999986 0
cost_sum: 49
虚偽情報なしの解をアリに使ってみたら... 40.772999999999904 17.58799999999993
30
--------------------
start_DP
DP_time: 4m35.943776629s
虚偽情報アリの解 [20 24 39 44 46 48 68 75 90 99 144 164 179 181 183 189 193 217 239 256 270 303 309 396 399 411 774 776 836] 50.71199999999982 17.38399999999995
虚偽情報アリの解を無しに使ってみたら... 50.73999999999977 0
cost_sum: 55
DP_time: 7m22.222448128s
虚偽情報なしの解 [20 24 25 39 40 46 48 63 83 99 130 131 133 163 164 170 218 239 264 293 303 331 337 391 393 408 517 646 713 1053] 51.368999999999794 0
cost_sum: 58
虚偽情報なしの解をアリに使ってみたら... 48.87999999999979 16.827999999999946
35
--------------------
start_DP
DP_time: 5m44.227173657s
虚偽情報アリの解 [20 24 39 44 46 48 68 75 90 99 144 164 179 181 183 189 193 217 239 256 270 303 309 396 399 405 407 408 411 619 635 776 800 1057] 58.52299999999993 17.69499999999997
虚偽情報アリの解を無しに使ってみたら... 58.966999999999864 0
cost_sum: 64
DP_time: 9m18.484897991s
虚偽情報なしの解 [20 24 25 39 40 46 48 63 83 99 130 131 133 163 164 170 218 239 264 293 303 331 337 391 393 408 517 646 713 719 731 741 867 1200 1256] 58.8119999999999 0
cost_sum: 67
虚偽情報なしの解をアリに使ってみたら... 55.77699999999986 17.18599999999994
40
--------------------
start_DP
DP_time: 6m59.205503486s
虚偽情報アリの解 [20 24 39 44 46 48 68 75 90 99 144 164 179 181 183 189 193 217 239 256 270 303 309 396 399 405 407 408 411 619 635 776 800 842 930 933 940 1115 1172] 65.80200000000012 17.971999999999923
虚偽情報アリの解を無しに使ってみたら... 66.65100000000007 0
cost_sum: 72
DP_time: 11m27.054789644s
虚偽情報なしの解 [20 24 25 39 40 46 48 63 83 99 130 131 133 163 164 170 218 239 264 293 303 331 337 391 393 408 517 646 713 719 731 741 867 933 936 1038 1041 1066 1133 1254] 66.80000000000013 0
cost_sum: 75
虚偽情報なしの解をアリに使ってみたら... 63.61999999999998 17.301999999999953
45
--------------------
start_DP
DP_time: 8m20.293714745s
虚偽情報アリの解 [20 24 39 44 46 48 68 75 90 99 144 164 179 181 183 189 193 217 239 256 270 303 309 396 399 405 407 408 411 619 635 776 800 842 930 933 940 1115 1172 1175 1184 1191 1195 1210] 72.51399999999995 17.401999999999937
虚偽情報アリの解を無しに使ってみたら... 72.86499999999992 0
cost_sum: 79
DP_time: 13m48.514247957s
虚偽情報なしの解 [20 24 25 39 40 46 48 63 83 99 130 131 133 163 164 170 218 239 264 293 303 331 337 391 393 408 517 646 713 719 731 741 867 933 936 1038 1041 1066 1133 1167 1204 1206 1214 1241 1242] 74.83599999999996 0
cost_sum: 83
虚偽情報なしの解をアリに使ってみたら... 71.29300000000009 17.468999999999944


seed 2
len adj 1290
5
--------------------
start_DP
DP_time: 46.93725741s
虚偽情報アリの解 [247 366 437 1082 1231] 9.748999999999954 27.413999999999913
虚偽情報アリの解を無しに使ってみたら... 9.878999999999932 0
cost_sum: 10
DP_time: 1m7.32286792s
虚偽情報なしの解 [58 154 195 200 247] 9.96599999999994 0
cost_sum: 10
虚偽情報なしの解をアリに使ってみたら... 9.578999999999942 27.171999999999937
10
--------------------
start_DP
DP_time: 1m30.922709376s
虚偽情報アリの解 [247 366 437 536 774 859 882 921 989 1133] 17.95899999999996 27.42899999999995
虚偽情報アリの解を無しに使ってみたら... 17.88199999999998 0
cost_sum: 19
DP_time: 2m7.510039394s
虚偽情報なしの解 [58 154 195 200 247 718 825 846 849 862] 18.624999999999943 0
cost_sum: 20
虚偽情報なしの解をアリに使ってみたら... 17.73999999999996 26.575999999999922
15
--------------------
start_DP
DP_time: 2m21.667210497s
虚偽情報アリの解 [58 99 106 118 126 154 170 191 195 200 266 326 503 584 1004] 26.375999999999923 27.064999999999923
虚偽情報アリの解を無しに使ってみたら... 26.913999999999913 0
cost_sum: 30
DP_time: 3m21.33091121s
虚偽情報なしの解 [58 154 195 200 235 247 266 326 367 526 584 946 1082 1204 1250] 27.785999999999895 0
cost_sum: 30
虚偽情報なしの解をアリに使ってみたら... 26.71299999999988 26.8509999999999
20
--------------------
start_DP
DP_time: 3m19.108247928s
虚偽情報アリの解 [58 99 106 118 126 154 170 191 195 200 266 289 305 311 313 437 558 771 948 1270] 34.206000000000024 26.981999999999935
虚偽情報アリの解を無しに使ってみたら... 35.20499999999997 0
cost_sum: 38
DP_time: 4m48.219138972s
虚偽情報なしの解 [58 154 195 200 235 247 266 326 336 367 412 418 437 505 514 621 708 862 1050 1156] 35.61700000000003 0
cost_sum: 40
虚偽情報なしの解をアリに使ってみたら... 34.96 26.842999999999943
25
--------------------
start_DP
DP_time: 4m23.496303754s
虚偽情報アリの解 [58 83 90 98 99 104 106 118 126 141 154 176 183 184 195 200 202 205 206 208 210 235 247 255 469] 41.914999999999836 27.269999999999964
虚偽情報アリの解を無しに使ってみたら... 42.21199999999997 0
cost_sum: 44
DP_time: 6m28.544019091s
虚偽情報なしの解 [58 154 195 200 235 247 266 326 336 367 412 418 437 505 514 621 708 862 1050 1156 1163 1171 1204 1213 1286] 44.258999999999915 0
cost_sum: 50
虚偽情報なしの解をアリに使ってみたら... 42.57199999999988 25.787999999999922
30
--------------------
start_DP
DP_time: 5m34.387970984s
虚偽情報アリの解 [58 83 90 98 99 104 106 118 126 141 154 176 183 184 195 200 202 205 206 208 210 235 247 255 469 501 518 593 669 1277] 50.20199999999985 26.973999999999922
虚偽情報アリの解を無しに使ってみたら... 50.538999999999824 0
cost_sum: 53
DP_time: 8m21.326989322s
虚偽情報なしの解 [58 154 195 200 235 247 266 326 336 367 412 418 437 505 514 621 708 862 1050 1156 1163 1171 1204 1213 1223 1229 1231 1235 1239 1249] 52.47399999999979 0
cost_sum: 59
虚偽情報なしの解をアリに使ってみたら... 50.81099999999988 25.973999999999915
35
--------------------
start_DP
DP_time: 6m52.505012644s
虚偽情報アリの解 [58 83 90 98 99 104 106 118 126 141 154 176 183 184 195 200 202 205 206 208 210 235 247 255 305 332 354 412 415 429 437 444 449 479 862] 57.49699999999984 27.189999999999962
虚偽情報アリの解を無しに使ってみたら... 57.67399999999981 0
cost_sum: 62
DP_time: 10m27.385552411s
虚偽情報なしの解 [58 154 195 200 235 247 266 326 336 367 412 418 437 505 514 621 708 862 1050 1156 1163 1171 1204 1213 1223 1229 1231 1235 1239 1245 1246 1254 1266 1286] 59.356999999999864 0
cost_sum: 67
虚偽情報なしの解をアリに使ってみたら... 57.24099999999989 25.302999999999916
40
--------------------
start_DP
DP_time: 8m16.780942957s
虚偽情報アリの解 [58 83 90 98 99 104 106 118 126 141 154 176 183 184 195 200 202 205 206 208 210 235 247 255 305 332 354 412 415 429 437 444 449 479 562 573 605 675 789 816] 64.31200000000003 27.27699999999992
虚偽情報アリの解を無しに使ってみたら... 64.73500000000011 0
cost_sum: 72
DP_time: 12m45.75775644s
虚偽情報なしの解 [9 20 21 30 33 34 40 44 53 58 83 86 98 106 118 154 170 173 183 188 191 195 200 202 208 235 247 250 255 257 289 305 365 862 990 1032 1073 1091 1122 1179] 66.19799999999995 0
cost_sum: 72
虚偽情報なしの解をアリに使ってみたら... 64.24999999999999 26.276999999999923
45
--------------------
start_DP
DP_time: 9m48.177488165s
虚偽情報アリの解 [58 83 90 98 99 104 106 118 126 141 154 176 183 184 195 200 202 205 206 208 210 235 247 255 305 332 354 412 415 429 437 444 449 479 562 573 605 675 789 816 846 862 868 1044 1099] 72.84999999999992 27.03299999999991
虚偽情報アリの解を無しに使ってみたら... 73.59699999999998 0
cost_sum: 82
DP_time: 15m17.58592926s
虚偽情報なしの解 [9 20 21 30 33 34 40 44 53 58 83 86 98 106 118 154 170 173 183 188 191 195 200 202 208 235 247 250 255 257 289 305 365 862 990 1032 1073 1091 1122 1148 1156 1171 1213 1262 1287] 73.88100000000003 0
cost_sum: 82
虚偽情報なしの解をアリに使ってみたら... 71.837 24.89999999999994


seed 3
len adj 1290
5
--------------------
start_DP
DP_time: 34.277830006s
虚偽情報アリの解 [18 207 259 741 760] 8.999999999999966 13.969999999999944
虚偽情報アリの解を無しに使ってみたら... 8.948999999999968 0
cost_sum: 10
DP_time: 54.798092353s
虚偽情報なしの解 [25 76 313 328 487] 9.166999999999963 0
cost_sum: 10
虚偽情報なしの解をアリに使ってみたら... 8.485999999999969 14.315999999999956
10
--------------------
start_DP
DP_time: 1m4.554453819s
虚偽情報アリの解 [18 207 259 281 634 639 810 822 1043 1083] 17.63899999999996 14.225999999999944
虚偽情報アリの解を無しに使ってみたら... 17.578999999999958 0
cost_sum: 19
DP_time: 1m41.253205126s
虚偽情報なしの解 [25 76 313 328 405 412 639 646 816 867] 18.102999999999938 0
cost_sum: 20
虚偽情報なしの解をアリに使ってみたら... 17.529999999999966 13.850999999999921
15
--------------------
start_DP
DP_time: 1m41.085794865s
虚偽情報アリの解 [18 30 48 49 67 75 155 181 279 307 332 495 536 867 882] 25.611999999999902 14.095999999999934
虚偽情報アリの解を無しに使ってみたら... 26.00099999999986 0
cost_sum: 29
DP_time: 2m40.494989758s
虚偽情報なしの解 [25 76 313 328 405 412 639 646 816 867 930 944 985 995 1243] 26.108999999999888 0
cost_sum: 28
虚偽情報なしの解をアリに使ってみたら... 25.66899999999987 14.040999999999952
20
--------------------
start_DP
DP_time: 2m23.931128347s
虚偽情報アリの解 [18 30 48 49 67 75 155 181 279 307 332 495 536 867 882 1039 1097 1112 1119 1120] 33.37100000000003 14.263999999999921
虚偽情報アリの解を無しに使ってみたら... 34.28899999999997 0
cost_sum: 39
DP_time: 3m52.071595393s
虚偽情報なしの解 [13 17 18 20 25 48 49 67 76 99 178 259 282 549 646 748 777 802 810 840] 34.05900000000005 0
cost_sum: 38
虚偽情報なしの解をアリに使ってみたら... 33.309999999999995 14.117999999999947
25
--------------------
start_DP
DP_time: 3m13.439950135s
虚偽情報アリの解 [18 30 48 49 65 67 70 71 82 85 87 115 136 154 181 189 203 208 222 223 259 313 637 680] 40.20299999999995 13.824999999999937
虚偽情報アリの解を無しに使ってみたら... 40.93899999999986 0
cost_sum: 45
DP_time: 5m16.618736906s
虚偽情報なしの解 [13 17 18 20 25 48 49 67 76 99 178 259 282 549 646 748 777 802 810 812 819 831 1020 1248 1279] 41.87499999999986 0
cost_sum: 47
虚偽情報なしの解をアリに使ってみたら... 40.99799999999991 14.467999999999943
30
--------------------
start_DP
DP_time: 4m9.07329462s
虚偽情報アリの解 [18 30 48 49 65 67 70 71 82 85 87 115 136 154 181 189 203 208 222 223 259 313 382 405 451 508 788 1020] 47.97399999999985 13.754999999999928
虚偽情報アリの解を無しに使ってみたら... 48.56999999999984 0
cost_sum: 54
DP_time: 6m52.889912865s
虚偽情報なしの解 [13 17 18 20 25 48 49 67 76 82 91 94 134 135 154 160 181 193 264 270 303 319 467 487 502 627 735 875 937] 49.546999999999784 0
cost_sum: 56
虚偽情報なしの解をアリに使ってみたら... 48.38399999999977 14.155999999999931
35
--------------------
start_DP
DP_time: 5m11.365797525s
虚偽情報アリの解 [18 30 48 49 65 67 70 71 82 85 87 115 136 154 181 189 203 208 222 223 259 313 382 405 451 508 536 572 581 585 636 639 682 1234] 56.06999999999986 13.701999999999943
虚偽情報アリの解を無しに使ってみたら... 56.769999999999904 0
cost_sum: 63
DP_time: 8m41.97922548s
虚偽情報なしの解 [13 17 18 20 25 48 49 67 76 82 91 94 134 135 154 160 181 193 264 270 303 319 467 487 502 627 735 875 937 948 1008 1020 1085 1097] 57.986999999999924 0
cost_sum: 65
虚偽情報なしの解をアリに使ってみたら... 56.65899999999988 14.051999999999946
40
--------------------
start_DP
DP_time: 6m20.112741584s
虚偽情報アリの解 [18 30 48 49 65 67 70 71 82 85 87 115 136 154 181 189 203 208 222 223 259 313 382 405 451 508 536 572 581 585 636 639 680 681 699 728 735 810 1198] 63.42799999999995 13.680999999999939
虚偽情報アリの解を無しに使ってみたら... 64.5410000000001 0
cost_sum: 72
DP_time: 10m43.122946829s
虚偽情報なしの解 [13 17 18 20 25 48 49 67 76 82 91 94 134 135 154 160 181 193 264 270 303 319 467 487 502 627 735 875 937 948 1008 1020 1085 1097 1140 1148 1169 1187 1256] 65.13999999999994 0
cost_sum: 72
虚偽情報なしの解をアリに使ってみたら... 64.66200000000002 13.514999999999942
45
--------------------
start_DP
DP_time: 7m35.415732842s
虚偽情報アリの解 [18 30 48 49 65 67 70 71 82 85 87 115 136 154 181 189 203 208 222 223 259 313 382 405 451 508 536 572 581 585 636 639 680 681 699 728 735 810 882 899 905 985 995 1001] 71.23900000000013 13.886999999999949
虚偽情報アリの解を無しに使ってみたら... 72.73199999999997 0
cost_sum: 80
DP_time: 12m57.5841088s
虚偽情報なしの解 [13 17 18 20 25 48 49 67 76 82 91 94 134 135 154 160 181 193 264 270 303 319 467 487 502 627 735 875 937 948 1008 1020 1085 1097 1140 1148 1169 1187 1202 1209 1210 1213 1217 1243] 73.089 0
cost_sum: 81
虚偽情報なしの解をアリに使ってみたら... 71.48800000000004 13.737999999999936


seed 4
len adj 1290
5
--------------------
start_DP
DP_time: 35.776255364s
虚偽情報アリの解 [125 247 437 605 688] 8.686999999999978 15.304999999999957
虚偽情報アリの解を無しに使ってみたら... 8.883999999999956 0
cost_sum: 10
DP_time: 56.252225263s
虚偽情報なしの解 [39 40 82 103 130] 9.19699999999995 0
cost_sum: 10
虚偽情報なしの解をアリに使ってみたら... 8.42599999999996 15.492999999999958
10
--------------------
start_DP
DP_time: 1m7.638037398s
虚偽情報アリの解 [21 39 82 103 154 185 356 437 731 1018] 17.486999999999963 15.821999999999946
虚偽情報アリの解を無しに使ってみたら... 17.513999999999935 0
cost_sum: 19
DP_time: 1m44.67062402s
虚偽情報なしの解 [39 40 82 103 130 247 356 422 437 487] 18.269999999999964 0
cost_sum: 20
虚偽情報なしの解をアリに使ってみたら... 17.057999999999982 15.431999999999938
15
--------------------
start_DP
DP_time: 1m45.854348674s
虚偽情報アリの解 [21 39 82 103 154 185 356 437 731 1018 1058 1076 1133 1252 1279] 24.884999999999874 15.576999999999947
虚偽情報アリの解を無しに使ってみたら... 24.789999999999893 0
cost_sum: 27
DP_time: 2m45.910014076s
虚偽情報なしの解 [39 40 82 99 103 125 154 156 184 235 419 449 703 731 990] 27.004999999999892 0
cost_sum: 30
虚偽情報なしの解をアリに使ってみたら... 25.770999999999912 15.252999999999947
20
--------------------
start_DP
DP_time: 2m30.812134759s
虚偽情報アリの解 [21 39 57 81 82 99 103 114 130 154 247 289 291 305 330 359 510 514 1149 1254] 33.977999999999966 15.428999999999977
虚偽情報アリの解を無しに使ってみたら... 34.33200000000001 0
cost_sum: 38
DP_time: 4m0.202352227s
虚偽情報なしの解 [39 40 82 99 103 125 154 156 184 235 419 449 584 605 659 869 967 1069 1229 1245] 34.632999999999996 0
cost_sum: 39
虚偽情報なしの解をアリに使ってみたら... 33.471 15.335999999999924
25
--------------------
start_DP
DP_time: 3m22.755574405s
虚偽情報アリの解 [21 39 57 81 82 99 103 114 130 154 247 289 291 305 330 359 510 514 521 544 596 622 646 1149 1245] 41.55099999999984 15.067999999999932
虚偽情報アリの解を無しに使ってみたら... 42.009999999999884 0
cost_sum: 47
DP_time: 5m27.863550861s
虚偽情報なしの解 [39 40 42 57 72 81 82 85 94 99 103 109 125 130 156 161 221 256 289 403 449 584 699 748 1098] 42.84699999999978 0
cost_sum: 47
虚偽情報なしの解をアリに使ってみたら... 41.17299999999994 15.102999999999934
30
--------------------
start_DP
DP_time: 4m20.710540815s
虚偽情報アリの解 [21 39 57 81 82 99 103 114 130 154 247 289 291 305 330 359 510 514 521 544 596 619 620 628 666 731 736 913 1148 1193] 49.35299999999974 15.497999999999925
虚偽情報アリの解を無しに使ってみたら... 50.381999999999785 0
cost_sum: 56
DP_time: 7m7.655886069s
虚偽情報なしの解 [39 40 42 57 72 81 82 85 94 99 103 109 125 130 156 161 221 256 289 403 449 526 544 584 605 611 616 617 620 1098] 51.45199999999977 0
cost_sum: 58
虚偽情報なしの解をアリに使ってみたら... 48.91699999999975 14.677999999999953
35
--------------------
start_DP
DP_time: 5m25.529492576s
虚偽情報アリの解 [21 39 57 81 82 99 103 114 130 154 247 289 291 305 330 359 510 514 521 544 596 619 620 628 666 731 736 746 775 780 795 864 933 937 1134] 57.54399999999986 15.213999999999947
虚偽情報アリの解を無しに使ってみたら... 58.27299999999988 0
cost_sum: 66
DP_time: 9m1.551091289s
虚偽情報なしの解 [39 40 42 57 72 81 82 85 94 99 103 109 125 130 156 161 221 256 289 403 449 526 544 584 605 611 616 617 620 636 648 731 796 948 1003] 59.333999999999854 0
cost_sum: 67
虚偽情報なしの解をアリに使ってみたら... 57.04499999999994 14.525999999999941
40
--------------------
start_DP
DP_time: 6m36.767963218s
虚偽情報アリの解 [21 39 57 81 82 99 103 114 130 154 247 289 291 305 330 359 510 514 521 544 596 619 620 628 666 731 736 746 775 780 795 864 933 937 1134 1145 1149 1177 1179 1197] 64.84399999999995 15.304999999999941
虚偽情報アリの解を無しに使ってみたら... 65.82300000000004 0
cost_sum: 73
DP_time: 11m7.521609359s
虚偽情報なしの解 [39 40 42 57 72 81 82 85 94 99 103 109 125 130 156 161 221 256 289 403 449 526 544 584 605 611 616 617 620 636 648 731 796 948 1003 1062 1071 1105 1134 1195] 67.81900000000005 0
cost_sum: 76
虚偽情報なしの解をアリに使ってみたら... 64.81200000000008 14.839999999999947
45
--------------------
start_DP
DP_time: 7m54.233304098s
虚偽情報アリの解 [21 39 57 81 82 85 87 90 99 100 103 107 154 195 219 221 227 230 234 235 236 247 256 257 290 305 308 309 314 356 358 367 398 420 423 437 456 457 487 488 596 619 637 664 719] 71.22699999999986 15.037999999999958
虚偽情報アリの解を無しに使ってみたら... 71.66099999999999 0
cost_sum: 75
DP_time: 13m26.396992364s
虚偽情報なしの解 [39 40 42 57 72 81 82 85 94 99 103 109 125 130 156 161 221 256 289 290 295 397 411 419 423 467 481 482 496 514 518 519 521 526 527 535 558 575 584 617 631 646 652 1076 1199] 74.23899999999993 0
cost_sum: 85
虚偽情報なしの解をアリに使ってみたら... 71.10100000000011 14.465999999999937


seed 5
len adj 1290
5
--------------------
start_DP
DP_time: 37.510527032s
虚偽情報アリの解 [65 259 446 659 796] 9.250999999999966 17.48999999999996
虚偽情報アリの解を無しに使ってみたら... 9.512999999999945 0
cost_sum: 10
DP_time: 58.130607608s
虚偽情報なしの解 [303 329 423 505 923] 9.977999999999954 0
cost_sum: 10
虚偽情報なしの解をアリに使ってみたら... 9.777999999999967 17.288999999999984
10
--------------------
start_DP
DP_time: 1m11.52266699s
虚偽情報アリの解 [53 65 99 210 298 307 343 825 889 1140] 18.226999999999965 17.375999999999923
虚偽情報アリの解を無しに使ってみたら... 18.645999999999948 0
cost_sum: 20
DP_time: 1m48.324211229s
虚偽情報なしの解 [303 307 329 423 426 430 435 605 827 1220] 17.567999999999945 0
cost_sum: 19
虚偽情報なしの解をアリに使ってみたら... 17.11799999999995 17.08999999999995
15
--------------------
start_DP
DP_time: 1m51.839598765s
虚偽情報アリの解 [53 65 99 195 200 210 219 256 270 298 324 343 505 605 660] 27.055999999999873 17.250999999999944
虚偽情報アリの解を無しに使ってみたら... 27.240999999999886 0
cost_sum: 29
DP_time: 2m51.366185223s
虚偽情報なしの解 [303 307 329 423 426 430 435 446 486 487 490 564 605 1007 1024] 27.27799999999993 0
cost_sum: 29
虚偽情報なしの解をアリに使ってみたら... 25.87699999999988 17.490999999999964
20
--------------------
start_DP
DP_time: 2m39.639066808s
虚偽情報アリの解 [18 20 48 53 57 65 74 99 106 134 183 210 219 230 241 243 256 259 343 490] 35.254999999999974 17.52199999999995
虚偽情報アリの解を無しに使ってみたら... 35.324000000000005 0
cost_sum: 40
DP_time: 4m7.90370083s
虚偽情報なしの解 [20 33 39 53 65 118 142 219 307 317 343 413 423 505 545 660 825 913 923 1282] 35.153999999999975 0
cost_sum: 40
虚偽情報なしの解をアリに使ってみたら... 34.28000000000001 17.070999999999973
25
--------------------
start_DP
DP_time: 3m34.052542682s
虚偽情報アリの解 [18 20 48 53 57 65 74 99 106 134 183 210 219 230 241 243 256 259 343 413 423 532 545 851 867] 43.587999999999795 17.370999999999956
虚偽情報アリの解を無しに使ってみたら... 43.9719999999999 0
cost_sum: 50
DP_time: 5m36.912282686s
虚偽情報なしの解 [20 33 39 53 65 118 142 219 307 317 343 413 423 505 545 660 825 828 831 913 1047 1061 1082 1101 1116] 42.238999999999876 0
cost_sum: 47
虚偽情報なしの解をアリに使ってみたら... 41.32999999999993 17.333999999999957
30
--------------------
start_DP
DP_time: 4m34.838961796s
虚偽情報アリの解 [18 20 48 53 57 65 74 99 106 134 183 210 219 230 241 243 256 259 343 413 423 532 545 851 867 975 983 1024 1053 1056] 51.8499999999998 16.961999999999943
虚偽情報アリの解を無しに使ってみたら... 52.31999999999972 0
cost_sum: 59
DP_time: 7m18.661185808s
虚偽情報なしの解 [20 33 39 53 65 118 142 219 307 317 343 413 423 486 492 505 523 553 582 608 611 613 616 656 807 853 975 1020 1051 1082] 51.40899999999976 0
cost_sum: 58
虚偽情報なしの解をアリに使ってみたら... 49.55599999999969 16.904999999999962
35
--------------------
start_DP
DP_time: 5m42.211773899s
虚偽情報アリの解 [18 20 48 53 57 65 74 99 106 134 183 210 219 230 241 243 256 259 343 413 423 430 431 486 503 505 516 545 551 586 617 660 1157 1206] 60.10999999999993 17.470999999999947
虚偽情報アリの解を無しに使ってみたら... 60.51599999999997 0
cost_sum: 67
DP_time: 9m13.773055697s
虚偽情報なしの解 [20 33 39 53 65 118 142 219 307 317 343 413 423 486 492 505 523 553 582 608 611 613 616 656 807 853 975 1020 1051 1082 1129 1138 1147 1157 1167] 60.129999999999896 0
cost_sum: 68
虚偽情報なしの解をアリに使ってみたら... 58.06899999999987 16.568999999999964
40
--------------------
start_DP
DP_time: 6m56.29467383s
虚偽情報アリの解 [18 20 48 53 57 65 74 99 106 134 183 210 219 230 241 243 256 259 343 413 423 430 431 486 503 505 516 545 551 586 617 619 646 655 675 732 756 867 930] 67.60400000000004 17.164999999999964
虚偽情報アリの解を無しに使ってみたら... 68.41000000000008 0
cost_sum: 76
DP_time: 11m21.747655178s
虚偽情報なしの解 [20 33 39 53 65 118 142 219 307 317 343 413 423 486 492 505 523 553 582 608 611 613 616 656 807 853 975 1020 1051 1082 1129 1138 1147 1149 1154 1157 1167 1206 1209 1217] 67.28000000000002 0
cost_sum: 75
虚偽情報なしの解をアリに使ってみたら... 65.03700000000008 16.60399999999994
45
--------------------
start_DP
DP_time: 8m17.250431268s
虚偽情報アリの解 [18 20 48 53 57 65 74 99 106 134 183 210 219 230 241 243 256 259 343 413 423 430 431 486 503 505 516 545 551 586 617 619 646 655 675 732 756 867 869 906 1024 1141 1252 1279] 74.783 17.582999999999938
虚偽情報アリの解を無しに使ってみたら... 75.43999999999996 0
cost_sum: 83
DP_time: 13m43.311275619s
虚偽情報なしの解 [6 13 15 16 18 20 29 33 39 47 48 53 65 67 81 85 99 104 108 118 183 195 210 216 217 322 329 343 399 401 413 423 486 505 551 577 605 608 611 613 615 616 658 746] 73.66199999999995 0
cost_sum: 81
虚偽情報なしの解をアリに使ってみたら... 71.646 16.37699999999995


seed 6
len adj 1290
5
--------------------
start_DP
DP_time: 48.78905196s
虚偽情報アリの解 [58 183 354 536 636] 8.997999999999971 28.753999999999923
虚偽情報アリの解を無しに使ってみたら... 9.193999999999956 0
cost_sum: 10
DP_time: 1m9.450006913s
虚偽情報なしの解 [25 32 134 183 995] 9.061999999999953 0
cost_sum: 10
虚偽情報なしの解をアリに使ってみたら... 8.449999999999967 28.061999999999944
10
--------------------
start_DP
DP_time: 1m34.760102709s
虚偽情報アリの解 [58 183 354 536 636 728 738 969 1008 1231] 17.933999999999976 29.109999999999946
虚偽情報アリの解を無しに使ってみたら... 18.35899999999996 0
cost_sum: 20
DP_time: 2m11.906375832s
虚偽情報なしの解 [25 32 53 58 98 290 514 605 722] 17.48399999999998 0
cost_sum: 19
虚偽情報なしの解をアリに使ってみたら... 15.99999999999997 28.05799999999993
15
--------------------
start_DP
DP_time: 2m27.047494214s
虚偽情報アリの解 [58 183 354 536 636 728 738 969 1008 1105 1111 1118 1140 1155 1284] 26.523999999999923 29.021999999999906
虚偽情報アリの解を無しに使ってみたら... 27.147999999999904 0
cost_sum: 30
DP_time: 3m26.776578983s
虚偽情報なしの解 [25 32 53 58 98 290 514 605 642 670 718 781 794 879 907] 26.039999999999885 0
cost_sum: 28
虚偽情報なしの解をアリに使ってみたら... 24.51299999999986 28.14099999999991
20
--------------------
start_DP
DP_time: 3m25.6645712s
虚偽情報アリの解 [58 183 354 536 636 728 738 969 1008 1105 1111 1118 1133 1135 1154 1155 1156 1161 1218 1271] 34.01799999999997 29.002999999999947
虚偽情報アリの解を無しに使ってみたら... 34.94899999999999 0
cost_sum: 37
DP_time: 4m53.678980586s
虚偽情報なしの解 [25 32 53 58 98 290 514 605 642 670 707 718 719 728 766 774 781 786 803 1105] 35.086000000000006 0
cost_sum: 38
虚偽情報なしの解をアリに使ってみたら... 32.73499999999999 27.604999999999954
25
--------------------
start_DP
DP_time: 4m31.254232199s
虚偽情報アリの解 [58 183 354 536 636 728 738 969 1008 1105 1111 1118 1133 1135 1154 1155 1156 1161 1169 1177 1191 1203 1224 1228 1260] 41.37299999999986 28.77599999999994
虚偽情報アリの解を無しに使ってみたら... 41.75399999999987 0
cost_sum: 45
DP_time: 6m34.627674348s
虚偽情報なしの解 [25 32 53 58 98 290 514 605 642 670 707 718 719 728 766 774 781 786 803 862 871 969 994 1088 1209] 43.29799999999977 0
cost_sum: 47
虚偽情報なしの解をアリに使ってみたら... 40.71199999999992 27.847999999999935
30
--------------------
start_DP
DP_time: 5m43.189465593s
虚偽情報アリの解 [58 98 102 104 110 160 183 204 221 228 238 243 250 256 260 262 298 300 310 313 320 389 394 589 598 614 781 855 1161] 47.91199999999974 28.737999999999968
虚偽情報アリの解を無しに使ってみたら... 49.26399999999992 0
cost_sum: 56
DP_time: 8m27.515144282s
虚偽情報なしの解 [13 18 25 32 58 65 71 75 81 98 102 175 298 339 349 366 381 382 386 394 395 402 426 539 620 628 637 656 670 721] 49.22099999999975 0
cost_sum: 56
虚偽情報なしの解をアリに使ってみたら... 47.51799999999988 27.710999999999903
35
--------------------
start_DP
DP_time: 7m1.885445754s
虚偽情報アリの解 [58 98 102 104 110 160 183 204 221 228 238 243 250 256 260 262 298 300 310 313 320 389 394 589 598 614 623 774 808 950 969 995 1008 1105] 57.514999999999944 28.719999999999928
虚偽情報アリの解を無しに使ってみたら... 58.73399999999994 0
cost_sum: 65
DP_time: 10m33.048036517s
虚偽情報なしの解 [13 18 25 32 58 65 71 75 81 98 102 175 298 339 349 366 381 382 386 394 395 402 426 539 620 628 637 656 670 721 779 969 1004 1018 1155] 58.55699999999994 0
cost_sum: 66
虚偽情報なしの解をアリに使ってみたら... 56.212999999999845 27.894999999999932
40
--------------------
start_DP
DP_time: 8m26.945958258s
虚偽情報アリの解 [58 98 102 104 110 160 183 204 221 228 238 243 250 256 260 262 298 300 310 313 320 389 394 589 598 614 623 774 808 950 969 995 1008 1032 1033 1053 1101 1105 1145] 65.36300000000003 28.4759999999999
虚偽情報アリの解を無しに使ってみたら... 66.18600000000005 0
cost_sum: 74
DP_time: 12m50.127879865s
虚偽情報なしの解 [13 18 25 32 58 65 71 75 81 98 102 175 298 339 349 366 381 382 386 394 395 402 426 539 620 628 637 656 670 721 779 969 1004 1018 1022 1049 1053 1066 1081 1088] 65.81600000000003 0
cost_sum: 74
虚偽情報なしの解をアリに使ってみたら... 64.25499999999998 27.962999999999898
45
--------------------
start_DP
DP_time: 9m58.386036924s
虚偽情報アリの解 [58 98 102 104 110 160 183 204 221 228 238 243 250 256 260 262 298 300 310 313 320 389 394 589 598 614 623 774 808 950 969 995 1008 1032 1033 1053 1101 1105 1130 1133 1144 1155 1229 1234] 72.8129999999999 28.776999999999926
虚偽情報アリの解を無しに使ってみたら... 73.9709999999999 0
cost_sum: 83
DP_time: 15m20.39955144s
虚偽情報なしの解 [13 18 25 32 58 65 71 75 81 98 102 175 298 339 349 366 381 382 386 394 395 402 426 539 620 628 637 656 670 721 779 969 1004 1018 1022 1049 1053 1066 1081 1083 1088 1095 1111 1116 1273] 73.44399999999999 0
cost_sum: 81
虚偽情報なしの解をアリに使ってみたら... 71.13600000000008 27.946999999999967


seed 7
len adj 1290
5
--------------------
start_DP
DP_time: 38.400078699s
虚偽情報アリの解 [20 84 117 142 173] 8.882999999999985 18.953999999999958
虚偽情報アリの解を無しに使ってみたら... 8.553999999999974 0
cost_sum: 9
DP_time: 58.949093696s
虚偽情報なしの解 [47 178 250 361 520] 9.306999999999961 0
cost_sum: 10
虚偽情報なしの解をアリに使ってみたら... 8.859999999999976 18.763999999999957
10
--------------------
start_DP
DP_time: 1m13.303866823s
虚偽情報アリの解 [20 84 117 142 173 178 210 219 221 235] 17.847999999999942 18.708999999999964
虚偽情報アリの解を無しに使ってみたら... 17.99999999999998 0
cost_sum: 19
DP_time: 1m50.46342308s
虚偽情報なしの解 [47 178 250 361 520 572 611 732 776 1222] 18.31699999999996 0
cost_sum: 20
虚偽情報なしの解をアリに使ってみたら... 17.54999999999994 18.53799999999996
15
--------------------
start_DP
DP_time: 1m55.249438973s
虚偽情報アリの解 [20 84 117 142 173 178 210 219 221 235 253 257 275 378 1185] 26.57299999999993 18.591999999999942
虚偽情報アリの解を無しに使ってみたら... 26.67599999999994 0
cost_sum: 29
DP_time: 2m55.132507104s
虚偽情報なしの解 [47 178 250 361 520 572 611 619 624 637 776 899 979 1008 1056] 26.947999999999897 0
cost_sum: 30
虚偽情報なしの解をアリに使ってみたら... 25.095999999999894 18.059999999999956
20
--------------------
start_DP
DP_time: 2m43.498210464s
虚偽情報アリの解 [20 84 117 142 173 178 210 219 221 235 253 257 275 378 437 452 454 512 535 584] 33.65999999999997 19.08899999999997
虚偽情報アリの解を無しに使ってみたら... 34.24700000000003 0
cost_sum: 36
DP_time: 4m11.798908001s
虚偽情報なしの解 [47 178 250 361 520 572 611 619 624 637 776 899 979 1008 1047 1056 1071 1109 1164 1195] 35.10599999999998 0
cost_sum: 40
虚偽情報なしの解をアリに使ってみたら... 33.55599999999998 18.149999999999945
25
--------------------
start_DP
DP_time: 3m38.893518609s
虚偽情報アリの解 [20 84 117 142 173 178 210 219 221 235 253 257 275 378 437 452 454 457 490 505 512 552 572 703 924] 41.308999999999834 18.66299999999996
虚偽情報アリの解を無しに使ってみたら... 41.95399999999984 0
cost_sum: 45
DP_time: 5m41.795910708s
虚偽情報なしの解 [47 178 250 361 520 572 611 619 624 637 776 899 979 1008 1047 1056 1071 1109 1164 1195 1203 1210 1211 1243 1261] 42.26299999999984 0
cost_sum: 47
虚偽情報なしの解をアリに使ってみたら... 40.471999999999916 18.192999999999966
30
--------------------
start_DP
DP_time: 4m39.268210898s
虚偽情報アリの解 [20 84 117 142 173 178 210 219 221 235 253 257 275 378 437 452 454 457 490 505 512 552 572 606 640 675 927 936 1008 1126] 48.81999999999984 18.769999999999918
虚偽情報アリの解を無しに使ってみたら... 49.183999999999834 0
cost_sum: 53
DP_time: 7m23.002641186s
虚偽情報なしの解 [9 20 34 40 46 47 53 84 99 142 146 191 218 219 224 230 238 241 250 256 261 267 287 338 437 520 565 808 1259 1261] 49.1889999999998 0
cost_sum: 54
虚偽情報なしの解をアリに使ってみたら... 47.69699999999979 18.007999999999967
35
--------------------
start_DP
DP_time: 5m46.834988011s
虚偽情報アリの解 [20 84 117 142 173 178 210 219 221 235 253 257 275 378 437 452 454 457 490 505 512 552 572 606 611 613 656 776 789 794 802 808 810 816] 56.63099999999979 18.266999999999957
虚偽情報アリの解を無しに使ってみたら... 57.549999999999855 0
cost_sum: 62
DP_time: 9m17.704721578s
虚偽情報なしの解 [9 20 34 40 46 47 53 84 99 142 146 191 218 219 224 230 238 241 250 256 261 267 287 338 378 412 490 501 520 521 522 585 595 695 722] 56.36999999999984 0
cost_sum: 61
虚偽情報なしの解をアリに使ってみたら... 54.64899999999979 17.687999999999988
40
--------------------
start_DP
DP_time: 7m1.062144325s
虚偽情報アリの解 [20 84 117 142 173 178 210 219 221 235 253 257 275 378 437 452 454 457 490 505 512 552 572 606 611 613 656 776 789 794 802 808 810 816 885 903 1008 1012 1075] 63.929000000000094 18.531999999999968
虚偽情報アリの解を無しに使ってみたら... 64.99899999999995 0
cost_sum: 69
DP_time: 11m24.722466665s
虚偽情報なしの解 [9 20 34 40 46 47 53 56 58 79 84 87 88 103 122 124 127 134 161 191 210 221 225 227 228 230 235 238 248 255 256 257 264 371 378 389 398 573 695 804] 64.23000000000003 0
cost_sum: 71
虚偽情報なしの解をアリに使ってみたら... 62.52600000000002 17.84599999999996
45
--------------------
start_DP
DP_time: 8m21.993834049s
虚偽情報アリの解 [9 13 18 20 21 24 26 34 46 47 53 56 94 104 106 122 134 138 142 191 210 219 221 224 227 228 235 236 238 250 256 257 264 275 281 398 437 438 573 602 620 653 810 822 831] 71.72000000000004 18.473999999999975
虚偽情報アリの解を無しに使ってみたら... 72.67499999999991 0
cost_sum: 80
DP_time: 13m44.421164219s
虚偽情報なしの解 [9 20 34 40 46 47 53 56 58 79 84 87 88 103 122 124 127 134 161 191 210 221 225 227 228 230 235 238 248 255 256 257 264 371 378 382 389 398 400 437 438 440 511 681 979] 72.29200000000007 0
cost_sum: 80
虚偽情報なしの解をアリに使ってみたら... 70.14300000000009 17.739999999999963


seed 8
len adj 1290
5
--------------------
start_DP
DP_time: 39.53239345s
虚偽情報アリの解 [28 106 152 432 776] 9.464999999999952 19.163999999999948
虚偽情報アリの解を無しに使ってみたら... 9.585999999999945 0
cost_sum: 10
DP_time: 1m0.371960459s
虚偽情報なしの解 [6 9 43 48 70] 9.695999999999946 0
cost_sum: 10
虚偽情報なしの解をアリに使ってみたら... 9.064999999999964 18.351999999999975
10
--------------------
start_DP
DP_time: 1m15.8523887s
虚偽情報アリの解 [6 9 17 75 99 133 152 372 520 659] 18.164999999999953 18.615999999999943
虚偽情報アリの解を無しに使ってみたら... 18.556999999999977 0
cost_sum: 20
DP_time: 1m54.270846943s
虚偽情報なしの解 [6 9 43 48 70 110 435 567 636 691] 19.070999999999973 0
cost_sum: 20
虚偽情報なしの解をアリに使ってみたら... 18.14899999999998 18.16899999999997
15
--------------------
start_DP
DP_time: 1m59.250593989s
虚偽情報アリの解 [6 9 17 75 99 133 152 372 520 659 776 795 902 975 988] 27.28299999999994 18.60699999999996
虚偽情報アリの解を無しに使ってみたら... 27.607999999999933 0
cost_sum: 30
DP_time: 3m1.704512249s
虚偽情報なしの解 [6 9 43 48 70 83 94 99 154 223 356 384 396 680 983] 27.136999999999876 0
cost_sum: 29
虚偽情報なしの解をアリに使ってみたら... 25.88999999999985 18.45299999999994
20
--------------------
start_DP
DP_time: 2m49.13942769s
虚偽情報アリの解 [6 9 17 75 99 133 152 372 520 659 776 795 902 975 988 1066 1067 1178 1200 1285] 35.06500000000002 18.630999999999915
虚偽情報アリの解を無しに使ってみたら... 35.73799999999994 0
cost_sum: 39
DP_time: 4m22.233036397s
虚偽情報なしの解 [6 9 43 48 70 83 94 99 154 223 356 384 396 413 435 456 639 659 873 1254] 35.642999999999965 0
cost_sum: 39
虚偽情報なしの解をアリに使ってみたら... 34.14000000000004 18.196999999999953
25
--------------------
start_DP
DP_time: 3m45.959240124s
虚偽情報アリの解 [6 9 17 75 99 133 152 372 520 659 669 727 769 774 776 779 814 867 870 871 876 1041 1099 1105] 41.7859999999999 18.48699999999995
虚偽情報アリの解を無しに使ってみたら... 42.10799999999985 0
cost_sum: 47
DP_time: 5m55.91210723s
虚偽情報なしの解 [6 9 43 48 70 83 94 99 154 223 356 384 396 413 415 430 432 450 472 503 682 774 776 822 1173] 43.55299999999988 0
cost_sum: 48
虚偽情報なしの解をアリに使ってみたら... 42.43399999999992 18.05499999999996
30
--------------------
start_DP
DP_time: 4m48.945761601s
虚偽情報アリの解 [0 6 7 9 17 18 26 28 48 70 75 81 82 83 85 89 99 102 104 106 110 111 133 235 238 484 975 997 1012 1145] 49.68499999999983 18.67599999999993
虚偽情報アリの解を無しに使ってみたら... 50.207999999999764 0
cost_sum: 51
DP_time: 7m42.499024628s
虚偽情報なしの解 [6 9 32 43 48 70 75 76 80 81 82 83 84 111 125 140 223 235 313 384 396 398 458 487 521 546 573 659 662 1180] 51.527999999999835 0
cost_sum: 58
虚偽情報なしの解をアリに使ってみたら... 49.28099999999973 17.65199999999994
35
--------------------
start_DP
DP_time: 5m58.733884336s
虚偽情報アリの解 [0 6 7 9 17 18 26 28 48 70 75 81 82 83 85 89 99 102 104 106 110 111 133 235 238 268 289 378 384 477 485 558 815 871 1134] 57.356999999999886 18.45999999999996
虚偽情報アリの解を無しに使ってみたら... 57.40499999999978 0
cost_sum: 58
DP_time: 9m43.04782578s
虚偽情報なしの解 [6 9 32 43 48 70 75 76 80 81 82 83 84 111 125 140 223 235 313 384 396 398 458 487 521 546 573 659 662 793 902 913 1167 1173 1188] 60.216 0
cost_sum: 68
虚偽情報なしの解をアリに使ってみたら... 57.28899999999989 17.29099999999997
40
--------------------
start_DP
DP_time: 7m15.453725562s
虚偽情報アリの解 [0 6 7 9 17 18 26 28 48 70 75 81 82 83 85 89 99 102 104 106 110 111 133 235 238 268 289 378 384 477 485 558 573 582 615 666 769 787 975 983] 65.25300000000006 18.60299999999995
虚偽情報アリの解を無しに使ってみたら... 66.27400000000006 0
cost_sum: 68
DP_time: 11m56.112007317s
虚偽情報なしの解 [6 9 32 43 48 70 75 76 80 81 82 83 84 111 125 140 223 235 313 384 396 398 458 487 521 546 573 659 662 793 902 913 988 991 992 997 1066 1069 1223 1266] 68.92500000000013 0
cost_sum: 76
虚偽情報なしの解をアリに使ってみたら... 65.75300000000011 17.184999999999977
45
--------------------
start_DP
DP_time: 8m39.004387349s
虚偽情報アリの解 [0 6 7 9 17 18 26 28 48 70 75 81 82 83 85 89 99 102 104 106 110 111 133 235 238 268 289 378 384 477 485 558 573 582 615 620 632 636 673 680 722 769 849 975 987] 72.79599999999998 18.306999999999967
虚偽情報アリの解を無しに使ってみたら... 73.75999999999992 0
cost_sum: 75
DP_time: 14m22.429982657s
虚偽情報なしの解 [6 9 32 43 48 70 75 76 80 81 82 83 84 111 125 140 223 235 313 384 396 398 432 437 465 477 485 487 521 546 552 562 615 623 631 641 679 691 752 906 913 933 967 988 1066] 77.29399999999991 0
cost_sum: 86
虚偽情報なしの解をアリに使ってみたら... 73.44799999999998 17.177999999999958
~/yoshiue/Go_diffusion_suppression $ 