seed 0
len adj 1290
[460 37 1142 59 1159 860 591] [80 67 55 46 36 31 26]
--------------------
start_DP
DP_time: 1m37.957641642s
虚偽情報アリの解 [13 90 161 173 183 193 323 558 803 808 814 815 846 899 985] 26.372999999999884 12.804999999999916
虚偽情報アリの解を無しに使ってみたら... 26.589999999999893 0
cost_sum: 29
DP_time: 2m39.510232597s
虚偽情報なしの解 [13 33 90 161 178 210 282 438 469 620 675 728 748 803 807] 26.694999999999887 0
cost_sum: 29
虚偽情報なしの解をアリに使ってみたら... 25.803999999999903 12.765999999999947
--------------------
start_DP
DP_time: 4m5.277643177s
虚偽情報アリの解 [13 68 88 90 92 103 135 173 183 192 193 199 203 207 241 254 257 298 359 376 378 381 388 399 598 731 799 852 918 951] 49.22899999999981 12.624999999999922
虚偽情報アリの解を無しに使ってみたら... 49.375999999999785 0
cost_sum: 53
DP_time: 6m55.664645318s
虚偽情報なしの解 [13 33 40 44 46 48 133 161 169 170 173 175 177 178 183 192 197 205 218 219 260 282 289 291 305 323 366 688 959] 49.423999999999864 0
cost_sum: 54
虚偽情報なしの解をアリに使ってみたら... 47.07499999999983 12.452999999999944
--------------------
start_DP
DP_time: 7m21.197911077s
虚偽情報アリの解 [13 15 21 26 28 30 33 57 73 79 90 103 110 112 123 136 178 192 197 241 256 281 291 326 329 334 335 343 378 381 396 399 407 469 471 558 573 628 653 669 731 735 752 829] 70.8450000000001 12.588999999999942
虚偽情報アリの解を無しに使ってみたら... 71.95300000000012 0
cost_sum: 78
DP_time: 12m48.820289374s
虚偽情報なしの解 [13 33 40 44 46 48 133 161 169 170 173 175 177 178 183 192 197 205 218 219 260 282 289 291 295 298 300 307 324 349 438 598 620 627 699 734 795 808 812 814 815 816 852 1126] 74.12099999999995 0
cost_sum: 80
虚偽情報なしの解をアリに使ってみたら... 70.94500000000008 12.057999999999923
--------------------
start_DP
DP_time: 11m27.466977796s
虚偽情報アリの解 [13 15 21 26 28 30 33 57 73 79 90 103 110 112 123 136 178 192 197 241 256 281 291 326 329 334 335 343 378 381 396 399 407 469 471 558 573 628 653 669 672 673 675 693 708 726 731 733 736 743 757 761 770 774 788 795 803 806 814] 91.98499999999967 12.695999999999948
虚偽情報アリの解を無しに使ってみたら... 93.19199999999957 0
cost_sum: 100
DP_time: 20m31.058070909s
虚偽情報なしの解 [13 33 40 44 46 48 133 161 169 170 173 175 177 178 183 192 197 205 218 219 260 282 289 291 295 298 300 307 324 349 438 598 620 627 699 734 795 808 812 814 815 816 852 864 871 935 975 986 988 1020 1046 1051 1118 1143 1188 1215 1234 1254 1272] 94.35999999999964 0
cost_sum: 103
虚偽情報なしの解をアリに使ってみたら... 91.50399999999979 11.946999999999935


seed 1
len adj 1290
--------------------
start_DP
DP_time: 2m7.099246712s
虚偽情報アリの解 [20 24 25 39 46 48 68 75 133 163 293 303 407 408 412] 25.89999999999991 23.89099999999987
虚偽情報アリの解を無しに使ってみたら... 26.086999999999886 0
cost_sum: 29
DP_time: 3m7.106555954s
虚偽情報なしの解 [20 25 39 75 99 109 217 382 399 407 408 512 532 619 657] 26.90199999999992 0
cost_sum: 30
虚偽情報なしの解をアリに使ってみたら... 25.452999999999854 23.5009999999999
--------------------
start_DP
DP_time: 5m7.148785024s
虚偽情報アリの解 [20 24 25 39 46 48 68 75 133 163 293 303 407 408 412 467 486 769 774 776 810 814 822 841 864 867 901 1109 1251 1283] 51.40499999999977 23.634999999999856
虚偽情報アリの解を無しに使ってみたら... 51.5959999999998 0
cost_sum: 57
DP_time: 7m54.815596434s
虚偽情報なしの解 [20 24 25 39 40 46 48 63 83 99 130 131 133 163 164 170 218 239 264 293 303 331 337 391 393 408 517 646 713 1053] 51.368999999999794 0
cost_sum: 58
虚偽情報なしの解をアリに使ってみたら... 49.43699999999983 23.437999999999906
--------------------
start_DP
DP_time: 9m10.020552111s
虚偽情報アリの解 [20 24 25 39 46 48 68 75 83 85 89 90 92 99 125 130 164 181 183 185 239 300 393 562 575 619 635 637 639 646 654 656 657 659 753 793 804 810 822 867 883 890 933 1007] 74.81299999999985 23.20799999999994
虚偽情報アリの解を無しに使ってみたら... 75.62799999999997 0
cost_sum: 82
DP_time: 14m40.417992087s
虚偽情報なしの解 [20 24 25 39 40 46 48 63 83 99 130 131 133 163 164 170 218 239 264 293 303 331 337 391 393 408 517 646 713 719 731 741 867 933 936 1038 1041 1066 1133 1167 1204 1206 1214 1241 1242] 74.83599999999996 0
cost_sum: 83
虚偽情報なしの解をアリに使ってみたら... 72.46300000000005 23.193999999999882
--------------------
start_DP
DP_time: 14m9.16657087s
虚偽情報アリの解 [20 24 25 39 46 48 68 75 83 85 89 90 92 99 109 112 117 131 164 179 181 183 184 222 227 230 239 257 270 293 298 300 303 306 307 320 331 339 343 357 399 408 412 415 459 481 487 505 518 526 555 587 635 637 646 731 739 776 805 929] 96.03699999999954 23.219999999999935
虚偽情報アリの解を無しに使ってみたら... 97.4359999999996 0
cost_sum: 106
DP_time: 23m18.82118735s
虚偽情報なしの解 [20 24 25 39 40 46 48 63 74 75 79 81 83 85 89 90 95 99 109 125 130 131 133 135 137 163 164 168 171 172 173 179 180 181 183 184 203 217 264 270 293 297 299 300 303 304 306 307 310 312 313 359 393 396 398 399 403 407 408 769] 96.04999999999963 0
cost_sum: 104
虚偽情報なしの解をアリに使ってみたら... 93.69199999999975 22.796999999999898


seed 2
len adj 1290
--------------------
start_DP
DP_time: 1m26.221524386s
虚偽情報アリの解 [21 34 44 58 83 98 154 191 195 200 208 210 235 247 281] 26.55399999999992 8.45699999999995
虚偽情報アリの解を無しに使ってみたら... 26.435999999999904 0
cost_sum: 30
DP_time: 2m26.224165496s
虚偽情報なしの解 [58 154 195 200 235 247 266 326 367 526 584 946 1082 1204 1250] 27.785999999999895 0
cost_sum: 30
虚偽情報なしの解をアリに使ってみたら... 26.53299999999991 8.317999999999955
--------------------
start_DP
DP_time: 3m43.083647026s
虚偽情報アリの解 [21 34 44 58 83 98 154 191 195 200 208 210 235 247 281 367 412 415 437 444 538 560 584 593 616 718 812 880 929 967] 51.29899999999983 8.554999999999966
虚偽情報アリの解を無しに使ってみたら... 51.2929999999998 0
cost_sum: 58
DP_time: 6m31.297039093s
虚偽情報なしの解 [58 154 195 200 235 247 266 326 336 367 412 418 437 505 514 621 708 862 1050 1156 1163 1171 1204 1213 1223 1229 1231 1235 1239 1249] 52.47399999999979 0
cost_sum: 59
虚偽情報なしの解をアリに使ってみたら... 51.84599999999984 8.085999999999947
--------------------
start_DP
DP_time: 6m56.793714131s
虚偽情報アリの解 [9 21 33 34 44 58 83 90 103 106 117 173 176 183 191 192 200 218 219 281 289 290 308 336 354 366 437 454 593 602 611 621 675 680 719 731 735 738 753 771 774 788 802 810 841] 74.027 8.073999999999954
虚偽情報アリの解を無しに使ってみたら... 73.81400000000004 0
cost_sum: 83
DP_time: 12m28.093073364s
虚偽情報なしの解 [9 20 21 30 33 34 40 44 53 58 83 86 98 106 118 154 170 173 183 188 191 195 200 202 208 235 247 250 255 257 289 305 365 862 990 1032 1073 1091 1122 1148 1156 1171 1213 1262 1287] 73.88100000000003 0
cost_sum: 82
虚偽情報なしの解をアリに使ってみたら... 72.85899999999997 8.294999999999954
--------------------
start_DP
DP_time: 11m8.415211368s
虚偽情報アリの解 [9 21 33 34 44 58 83 90 103 106 117 173 176 183 191 192 200 218 219 281 289 290 308 336 354 366 437 454 593 602 611 621 675 680 719 731 735 738 753 771 774 788 802 810 841 852 857 859 868 873 876 880 883 901 990 995 1002 1018 1066] 96.12699999999967 8.164999999999953
虚偽情報アリの解を無しに使ってみたら... 96.85599999999971 0
cost_sum: 109
DP_time: 20m18.68613325s
虚偽情報なしの解 [9 20 21 30 33 34 40 44 53 58 83 86 98 99 103 106 117 135 136 141 147 154 164 170 173 175 176 181 183 184 191 195 200 235 238 247 250 255 261 268 281 287 288 289 290 291 308 322 326 336 366 368 395 400 412 435 495 558 777] 94.26599999999962 0
cost_sum: 103
虚偽情報なしの解をアリに使ってみたら... 92.51899999999975 8.004999999999962


seed 3
len adj 1290
--------------------
start_DP
DP_time: 1m15.957395425s
虚偽情報アリの解 [25 154 155 161 173 247 259 261 496 558 588 682 703 776 810] 26.292999999999914 4.806999999999958
虚偽情報アリの解を無しに使ってみたら... 26.234999999999918 0
cost_sum: 30
DP_time: 2m15.611412225s
虚偽情報なしの解 [25 76 313 328 405 412 639 646 816 867 930 944 985 995 1243] 26.108999999999888 0
cost_sum: 28
虚偽情報なしの解をアリに使ってみたら... 25.27599999999989 4.746999999999955
--------------------
start_DP
DP_time: 3m17.627198785s
虚偽情報アリの解 [13 18 25 28 30 48 67 75 134 154 161 166 170 243 303 467 480 487 496 535 537 558 581 594 636 649 714 803 937] 47.73799999999984 4.837999999999959
虚偽情報アリの解を無しに使ってみたら... 47.55399999999984 0
cost_sum: 51
DP_time: 6m2.258366264s
虚偽情報なしの解 [13 17 18 20 25 48 49 67 76 82 91 94 134 135 154 160 181 193 264 270 303 319 467 487 502 627 735 875 937] 49.546999999999784 0
cost_sum: 56
虚偽情報なしの解をアリに使ってみたら... 48.72899999999986 4.872999999999959
--------------------
start_DP
DP_time: 6m15.896019117s
虚偽情報アリの解 [3 13 15 18 20 22 25 28 30 49 67 76 85 92 134 166 181 210 213 217 219 223 224 259 267 282 287 303 323 381 451 536 581 646 648 709 776 810 822 831 875 905 1072 1119 1195] 72.318 4.7309999999999555
虚偽情報アリの解を無しに使ってみたら... 72.91599999999993 0
cost_sum: 80
DP_time: 11m40.15800077s
虚偽情報なしの解 [13 17 18 20 25 48 49 67 76 82 91 94 134 135 154 160 181 193 264 270 303 319 467 487 502 627 735 875 937 948 1008 1020 1085 1097 1140 1148 1169 1187 1202 1209 1210 1213 1217 1243] 73.089 0
cost_sum: 81
虚偽情報なしの解をアリに使ってみたら... 71.73500000000001 4.764999999999946
--------------------
start_DP
DP_time: 10m10.431313647s
虚偽情報アリの解 [3 13 15 18 20 22 25 28 30 49 67 76 85 92 134 166 181 210 213 217 219 223 224 259 267 282 287 303 323 381 451 536 581 646 648 709 776 810 822 828 829 831 832 845 873 882 901 905 937 948 977 979 995 1061 1073 1136 1198 1213] 92.69699999999969 4.56799999999995
虚偽情報アリの解を無しに使ってみたら... 93.09399999999964 0
cost_sum: 103
DP_time: 19m9.124492698s
虚偽情報なしの解 [13 17 18 20 25 48 49 67 76 82 91 94 134 135 154 160 181 193 264 270 303 319 335 340 344 359 375 382 399 408 411 429 440 495 510 519 598 627 634 636 637 638 639 646 678 688 699 703 704 714 725 726 735 748 768 776 777 781 882] 94.01699999999973 0
cost_sum: 103
虚偽情報なしの解をアリに使ってみたら... 93.12999999999973 4.703999999999962


seed 4
len adj 1290
--------------------
start_DP
DP_time: 1m17.775274629s
虚偽情報アリの解 [39 72 75 81 82 85 99 125 140 154 356 728 864 967 1069] 26.7499999999999 5.143999999999956
虚偽情報アリの解を無しに使ってみたら... 26.400999999999904 0
cost_sum: 30
DP_time: 2m18.057411988s
虚偽情報なしの解 [39 40 82 99 103 125 154 156 184 235 419 449 703 731 990] 27.004999999999892 0
cost_sum: 30
虚偽情報なしの解をアリに使ってみたら... 26.051999999999882 4.987999999999956
--------------------
start_DP
DP_time: 3m23.318307218s
虚偽情報アリの解 [39 72 75 81 82 85 94 99 107 115 125 130 154 170 221 235 238 247 264 282 287 356 437 584 617 620 666 774 883 1149] 50.68699999999978 5.233999999999959
虚偽情報アリの解を無しに使ってみたら... 50.611999999999796 0
cost_sum: 56
DP_time: 6m10.973479976s
虚偽情報なしの解 [39 40 42 57 72 81 82 85 94 99 103 109 125 130 156 161 221 256 289 403 449 526 544 584 605 611 616 617 620 1098] 51.45199999999977 0
cost_sum: 58
虚偽情報なしの解をアリに使ってみたら... 50.527999999999814 5.018999999999951
--------------------
start_DP
DP_time: 6m27.332477024s
虚偽情報アリの解 [39 72 75 81 82 85 94 99 107 115 125 130 154 170 221 235 238 247 264 282 287 356 403 411 413 416 419 430 433 437 487 518 520 526 530 575 584 611 616 623 636 678 699 709 1135] 72.99199999999996 5.141999999999962
虚偽情報アリの解を無しに使ってみたら... 73.18700000000001 0
cost_sum: 83
DP_time: 12m1.461955803s
虚偽情報なしの解 [39 40 42 57 72 81 82 85 94 99 103 109 125 130 156 161 221 256 289 290 295 397 411 419 423 467 481 482 496 514 518 519 521 526 527 535 558 575 584 617 631 646 652 1076 1199] 74.23899999999993 0
cost_sum: 85
虚偽情報なしの解をアリに使ってみたら... 72.421 4.9519999999999635
--------------------
start_DP
DP_time: 10m26.90286436s
虚偽情報アリの解 [39 72 75 81 82 85 94 99 107 115 125 130 154 170 221 235 238 247 264 282 287 356 403 411 413 416 419 430 433 437 487 518 520 526 530 575 584 611 616 618 621 623 631 636 646 661 680 728 831 913 926 933 967 996 997 1014 1018 1022 1079 1225] 95.75899999999965 5.02099999999996
虚偽情報アリの解を無しに使ってみたら... 96.25699999999965 0
cost_sum: 107
DP_time: 19m43.012765273s
虚偽情報なしの解 [39 40 42 57 72 81 82 85 94 99 103 109 125 130 156 161 221 256 289 290 295 397 411 419 423 467 481 482 496 514 518 519 521 526 527 535 558 575 584 617 631 646 652 655 661 666 674 675 744 746 751 775 796 819 821 824 864 870 945 1033] 95.56499999999966 0
cost_sum: 107
虚偽情報なしの解をアリに使ってみたら... 94.1099999999998 5.035999999999957


seed 5
len adj 1290
--------------------
start_DP
DP_time: 1m26.561449354s
虚偽情報アリの解 [48 57 65 118 125 183 229 247 298 303 307 329 378 498 975] 26.043999999999894 8.919999999999943
虚偽情報アリの解を無しに使ってみたら... 25.926999999999875 0
cost_sum: 30
DP_time: 2m26.220782681s
虚偽情報なしの解 [303 307 329 423 426 430 435 446 486 487 490 564 605 1007 1024] 27.27799999999993 0
cost_sum: 29
虚偽情報なしの解をアリに使ってみたら... 26.49699999999992 8.84699999999996
--------------------
start_DP
DP_time: 3m40.650687108s
虚偽情報アリの解 [48 57 65 67 81 99 134 144 154 217 230 241 243 270 298 303 304 311 317 326 343 357 360 382 399 409 412 486 545 553] 49.834999999999745 8.847999999999944
虚偽情報アリの解を無しに使ってみたら... 50.10499999999984 0
cost_sum: 55
DP_time: 6m25.677200373s
虚偽情報なしの解 [20 33 39 53 65 118 142 219 307 317 343 413 423 486 492 505 523 553 582 608 611 613 616 656 807 853 975 1020 1051 1082] 51.40899999999976 0
cost_sum: 58
虚偽情報なしの解をアリに使ってみたら... 50.68299999999976 8.67299999999995
--------------------
start_DP
DP_time: 6m49.948432179s
虚偽情報アリの解 [48 57 65 67 81 99 134 144 154 217 230 241 243 270 298 303 304 311 317 326 343 357 360 382 399 409 412 486 545 553 558 564 569 577 708 767 853 1058 1097 1140 1157 1171 1184 1194 1239] 72.84500000000004 8.589999999999957
虚偽情報アリの解を無しに使ってみたら... 73.54299999999994 0
cost_sum: 80
DP_time: 12m17.457807397s
虚偽情報なしの解 [6 13 15 16 18 20 29 33 39 47 48 53 65 67 81 85 99 104 108 118 183 195 210 216 217 322 329 343 399 401 413 423 486 505 551 577 605 608 611 613 615 616 658 746] 73.66199999999995 0
cost_sum: 81
虚偽情報なしの解をアリに使ってみたら... 71.32400000000001 8.490999999999946
--------------------
start_DP
DP_time: 10m55.723747536s
虚偽情報アリの解 [48 57 65 67 81 85 99 104 106 109 114 118 125 144 152 164 188 195 219 229 230 239 241 243 256 259 260 262 267 268 270 271 275 279 287 298 302 307 329 331 335 343 357 368 382 413 426 428 430 435 463 486 505 513 523 565 567 1216] 93.35099999999977 8.787999999999961
虚偽情報アリの解を無しに使ってみたら... 93.39699999999974 0
cost_sum: 101
DP_time: 20m1.866789985s
虚偽情報なしの解 [6 13 15 16 18 20 29 33 39 47 48 53 65 67 81 85 99 104 108 118 183 195 210 216 217 322 329 343 349 382 385 399 401 404 407 412 413 426 428 430 486 505 512 518 519 535 678 700 746 798 849 1018 1020 1097 1167 1187 1209 1242 1261] 95.2099999999996 0
cost_sum: 110
虚偽情報なしの解をアリに使ってみたら... 92.88999999999956 8.173999999999955


seed 6
len adj 1290
--------------------
start_DP
DP_time: 1m24.35436997s
虚偽情報アリの解 [58 115 419 732 842 891 930 953 969 995 1126 1133 1135 1231 1284] 26.37899999999989 8.01199999999996
虚偽情報アリの解を無しに使ってみたら... 26.9689999999999 0
cost_sum: 30
DP_time: 2m24.401832983s
虚偽情報なしの解 [25 32 53 58 98 290 514 605 642 670 718 781 794 879 907] 26.039999999999885 0
cost_sum: 28
虚偽情報なしの解をアリに使ってみたら... 24.53699999999984 7.713999999999958
--------------------
start_DP
DP_time: 3m32.377541781s
虚偽情報アリの解 [18 32 58 65 81 97 98 102 160 230 243 267 271 273 279 313 326 333 394 406 419 514 544 579 620 715 732 779 808 901] 48.723999999999855 7.783999999999964
虚偽情報アリの解を無しに使ってみたら... 49.018999999999785 0
cost_sum: 52
DP_time: 6m17.674670396s
虚偽情報なしの解 [13 18 25 32 58 65 71 75 81 98 102 175 298 339 349 366 381 382 386 394 395 402 426 539 620 628 637 656 670 721] 49.22099999999975 0
cost_sum: 56
虚偽情報なしの解をアリに使ってみたら... 47.306999999999825 7.77999999999994
--------------------
start_DP
DP_time: 6m35.850310331s
虚偽情報アリの解 [18 32 58 65 81 97 98 102 160 230 243 267 271 273 279 313 326 333 394 406 419 514 544 579 620 715 732 779 808 810 851 862 871 874 905 907 911 931 1066 1086 1105 1111 1116 1130 1135] 72.13299999999995 7.934999999999955
虚偽情報アリの解を無しに使ってみたら... 72.40299999999999 0
cost_sum: 79
DP_time: 11m59.759699391s
虚偽情報なしの解 [13 18 25 32 58 65 71 75 81 98 102 175 298 339 349 366 381 382 386 394 395 402 426 539 620 628 637 656 670 721 779 969 1004 1018 1022 1049 1053 1066 1081 1083 1088 1095 1111 1116 1273] 73.44399999999999 0
cost_sum: 81
虚偽情報なしの解をアリに使ってみたら... 70.9980000000001 7.436999999999956
--------------------
start_DP
DP_time: 10m32.90795135s
虚偽情報アリの解 [18 32 58 65 81 97 98 102 160 230 243 267 271 273 279 313 326 333 394 406 419 514 544 579 620 715 732 779 808 810 851 862 871 874 905 907 911 931 1066 1086 1105 1111 1116 1130 1135 1140 1141 1154 1157 1161 1167 1169 1174 1181 1184 1193 1219 1220 1223] 92.15099999999973 7.770999999999951
虚偽情報アリの解を無しに使ってみたら... 93.15399999999968 0
cost_sum: 100
DP_time: 19m30.490305354s
虚偽情報なしの解 [13 18 25 32 58 65 71 75 81 98 102 175 298 339 349 366 381 382 386 394 395 402 426 539 620 628 637 656 670 674 694 699 707 728 732 736 740 774 779 781 785 786 787 791 792 796 803 804 807 808 812 819 862 911 912 931 950 1007 1061 1215] 95.41199999999971 0
cost_sum: 105
虚偽情報なしの解をアリに使ってみたら... 92.94099999999965 7.587999999999952


seed 7
len adj 1290
--------------------
start_DP
DP_time: 1m37.591988049s
虚偽情報アリの解 [84 193 210 235 247 253 261 354 361 378 381 382 384 389 810] 25.894999999999918 13.693999999999956
虚偽情報アリの解を無しに使ってみたら... 25.87599999999989 0
cost_sum: 29
DP_time: 2m37.660857869s
虚偽情報なしの解 [47 178 250 361 520 572 611 619 624 637 776 899 979 1008 1056] 26.947999999999897 0
cost_sum: 30
虚偽情報なしの解をアリに使ってみたら... 24.739999999999846 13.221999999999953
--------------------
start_DP
DP_time: 4m1.866567914s
虚偽情報アリの解 [84 193 210 235 247 253 261 354 361 378 381 382 384 389 437 438 446 471 510 582 808 913 927 1006 1043 1154 1169 1221 1259 1261] 49.27799999999979 13.386999999999947
虚偽情報アリの解を無しに使ってみたら... 49.563999999999844 0
cost_sum: 53
DP_time: 6m46.885196806s
虚偽情報なしの解 [9 20 34 40 46 47 53 84 99 142 146 191 218 219 224 230 238 241 250 256 261 267 287 338 437 520 565 808 1259 1261] 49.1889999999998 0
cost_sum: 54
虚偽情報なしの解をアリに使ってみたら... 47.60299999999981 13.28199999999993
--------------------
start_DP
DP_time: 7m22.302092283s
虚偽情報アリの解 [9 20 47 48 63 83 102 117 122 142 143 155 156 162 166 191 193 210 217 227 230 235 236 238 247 256 308 329 357 361 378 387 395 400 437 438 457 458 520 600 1037 1259 1279] 71.6370000000001 13.244999999999932
虚偽情報アリの解を無しに使ってみたら... 72.365 0
cost_sum: 79
DP_time: 12m47.12381008s
虚偽情報なしの解 [9 20 34 40 46 47 53 56 58 79 84 87 88 103 122 124 127 134 161 191 210 221 225 227 228 230 235 238 248 255 256 257 264 371 378 382 389 398 400 437 438 440 511 681 979] 72.29200000000007 0
cost_sum: 80
虚偽情報なしの解をアリに使ってみたら... 71.08600000000017 12.980999999999964
--------------------
start_DP
DP_time: 11m39.080623114s
虚偽情報アリの解 [9 20 47 48 63 83 102 117 122 142 143 155 156 162 166 191 193 210 217 227 230 235 236 238 247 256 308 329 357 361 378 387 395 400 437 438 457 458 520 526 531 538 547 620 653 695 703 708 732 744 748 752 759 773 816 857 966 1203] 92.20999999999974 12.842999999999936
虚偽情報アリの解を無しに使ってみたら... 93.50899999999966 0
cost_sum: 103
DP_time: 20m36.841269843s
虚偽情報なしの解 [9 20 34 40 46 47 53 56 58 79 84 87 88 103 122 124 127 134 161 191 210 221 225 227 228 230 235 238 248 255 256 257 264 371 378 382 389 398 400 413 418 437 438 442 443 451 457 459 465 476 622 707 1008 1015 1056 1082 1161 1203 1259 1261] 94.20299999999956 0
cost_sum: 103
虚偽情報なしの解をアリに使ってみたら... 91.7379999999996 12.577999999999927


seed 8
len adj 1290
--------------------
start_DP
DP_time: 2m4.181435033s
虚偽情報アリの解 [6 9 75 99 125 133 147 152 163 450 521 558 577 1022 1211] 26.079999999999863 22.065999999999903
虚偽情報アリの解を無しに使ってみたら... 26.167999999999925 0
cost_sum: 28
DP_time: 3m6.88015949s
虚偽情報なしの解 [6 9 43 48 70 83 94 99 154 223 356 384 396 680 983] 27.136999999999876 0
cost_sum: 29
虚偽情報なしの解をアリに使ってみたら... 25.646999999999892 21.624999999999932
--------------------
start_DP
DP_time: 5m0.666280371s
虚偽情報アリの解 [6 9 32 43 48 63 81 104 106 111 133 137 140 147 152 154 167 235 241 259 275 322 453 521 572 580 636 776 822 1180] 50.083999999999776 21.764999999999898
虚偽情報アリの解を無しに使ってみたら... 50.88399999999981 0
cost_sum: 55
DP_time: 7m55.604582345s
虚偽情報なしの解 [6 9 32 43 48 70 75 76 80 81 82 83 84 111 125 140 223 235 313 384 396 398 458 487 521 546 573 659 662 1180] 51.527999999999835 0
cost_sum: 58
虚偽情報なしの解をアリに使ってみたら... 49.18999999999979 21.095999999999922
--------------------
start_DP
DP_time: 8m55.009218814s
虚偽情報アリの解 [0 3 6 9 13 17 28 30 32 39 43 46 48 49 56 57 58 75 99 106 110 111 113 133 152 181 223 227 233 236 238 326 369 384 430 458 487 578 598 691 699 791 866 873 875] 72.86899999999991 21.339999999999897
虚偽情報アリの解を無しに使ってみたら... 73.97600000000006 0
cost_sum: 79
DP_time: 14m40.568103722s
虚偽情報なしの解 [6 9 32 43 48 70 75 76 80 81 82 83 84 111 125 140 223 235 313 384 396 398 432 437 465 477 485 487 521 546 552 562 615 623 631 641 679 691 752 906 913 933 967 988 1066] 77.29399999999991 0
cost_sum: 86
虚偽情報なしの解をアリに使ってみたら... 74.664 20.897999999999936
--------------------
start_DP
DP_time: 13m45.33390182s
虚偽情報アリの解 [0 3 6 9 13 17 28 30 32 39 43 46 48 49 56 57 58 75 99 106 110 111 113 133 152 181 223 227 233 236 238 239 251 253 256 322 326 384 421 422 433 437 444 458 474 476 477 479 484 485 487 491 492 499 500 503 511 521 558 822] 93.27999999999975 21.25599999999991
虚偽情報アリの解を無しに使ってみたら... 94.40899999999955 0
cost_sum: 99
DP_time: 23m16.965542614s
虚偽情報なしの解 [6 9 32 43 48 70 75 76 80 81 82 83 84 111 125 140 223 235 313 384 396 398 432 437 465 477 485 487 521 546 552 562 615 623 631 641 679 691 752 906 913 933 967 988 1066 1068 1069 1070 1072 1149 1172 1173 1178 1180 1181 1206 1209 1223 1241] 98.21799999999968 0
cost_sum: 108
虚偽情報なしの解をアリに使ってみたら... 95.43999999999964 20.460999999999924